LINEAR

Result:
 [ 0.  0.  0.  1.  0.  1.  1.  0.  1.  0.  0.  0.  0.  1.  1.  1.  1.  1.
  1.  1.  1.  1.  1.  1.  1.  1.  1.  1.  1.  1.  1.  1.  1.  1.  1.  1.
  1.  1.  1.  1.  1.  1.  1.  1.  1.  1.  1.  0.  1.  1.  1.  1.  1.  1.
  1.  1.  0.  1.  1.  0.  1.  0.  1.  0.  1.  0.  1.  0.  0.  1.  1.  0.
  1.  1.  1.  1.  0.  0.  1.  0.  1.  1.  1.  1.  1.  1.  1.  0.  1.  1.
  1.  1.  1.  0.  1.  1.  0.  0.  0.  1.  0.  0.  0.  1.  0.  0.  0.  0.
  1.  1.  1.  1.  1.  0.  0.  1.  0.  0.  0.  1.  1.  0.  0.  1.  0.  0.
  0.  0.  0.  1.  0.  0.  0.  1.  0.  0.  0.  0.  1.  0.  0.  0.  1.  0.
  0.  1.  0.  0.  0.  1.  0.  0.  0.  0.  0.  0.  0.  1.  1.  0.  0.  1.
  0.  1.  0.  1.  0.  1.  0.  0.  0.  0.  0.  0.  0.  0.  0.  1.  0.  1.
  0.  0.  0.  0.  0.  1.  0.  0.  0.  0.  0.  0.  0.  0.  0.  0.  0.  0.
  0.  0.]
Target:
 [ 1.  1.  1.  1.  1.  1.  1.  1.  1.  1.  1.  1.  1.  1.  1.  1.  1.  1.
  1.  1.  1.  1.  1.  1.  1.  1.  1.  1.  1.  1.  1.  1.  1.  1.  1.  1.
  1.  1.  1.  1.  1.  1.  1.  1.  1.  1.  1.  1.  1.  1.  1.  1.  1.  1.
  1.  1.  1.  1.  1.  1.  1.  1.  1.  1.  1.  1.  1.  1.  1.  1.  1.  1.
  1.  1.  1.  1.  1.  1.  1.  1.  1.  1.  1.  1.  1.  1.  1.  1.  1.  1.
  1.  1.  1.  1.  1.  1.  1.  1.  1.  1.  0.  0.  0.  0.  0.  0.  0.  0.
  0.  0.  0.  0.  0.  0.  0.  0.  0.  0.  0.  0.  0.  0.  0.  0.  0.  0.
  0.  0.  0.  0.  0.  0.  0.  0.  0.  0.  0.  0.  0.  0.  0.  0.  0.  0.
  0.  0.  0.  0.  0.  0.  0.  0.  0.  0.  0.  0.  0.  0.  0.  0.  0.  0.
  0.  0.  0.  0.  0.  0.  0.  0.  0.  0.  0.  0.  0.  0.  0.  0.  0.  0.
  0.  0.  0.  0.  0.  0.  0.  0.  0.  0.  0.  0.  0.  0.  0.  0.  0.  0.
  0.  0.]
Score: 149.0, Sample_set: 200, Positivos: 74.0
Porcentaje acertadas: 74.5
Porcentaje de falsos negativos: 26.0 
Porcentaje de verdaderos negativos: 74.0
#####################################

RBF

Result:
 [ 0.  0.  0.  1.  0.  1.  1.  0.  1.  0.  0.  0.  0.  1.  1.  1.  1.  1.
  1.  1.  1.  1.  1.  1.  1.  1.  1.  1.  1.  1.  1.  1.  1.  1.  1.  1.
  1.  1.  1.  1.  1.  1.  1.  1.  1.  1.  1.  0.  1.  1.  1.  1.  1.  1.
  1.  1.  0.  1.  1.  0.  1.  0.  1.  0.  1.  0.  1.  0.  0.  1.  1.  0.
  1.  1.  1.  1.  0.  0.  1.  0.  1.  1.  1.  1.  1.  1.  1.  0.  1.  1.
  1.  1.  1.  0.  1.  1.  0.  0.  0.  1.  0.  0.  0.  1.  0.  0.  0.  0.
  1.  1.  1.  1.  1.  0.  0.  1.  0.  0.  0.  1.  1.  0.  0.  1.  0.  0.
  0.  0.  0.  1.  0.  0.  0.  1.  0.  0.  0.  0.  1.  0.  0.  0.  1.  0.
  0.  1.  0.  0.  0.  1.  0.  0.  0.  0.  0.  0.  0.  1.  1.  0.  0.  1.
  0.  1.  0.  1.  0.  1.  0.  0.  0.  0.  0.  0.  0.  0.  0.  1.  0.  1.
  0.  0.  0.  0.  0.  1.  0.  0.  0.  0.  0.  0.  0.  0.  0.  0.  0.  0.
  0.  0.]
Target:
 [ 1.  1.  1.  1.  1.  1.  1.  1.  1.  1.  1.  1.  1.  1.  1.  1.  1.  1.
  1.  1.  1.  1.  1.  1.  1.  1.  1.  1.  1.  1.  1.  1.  1.  1.  1.  1.
  1.  1.  1.  1.  1.  1.  1.  1.  1.  1.  1.  1.  1.  1.  1.  1.  1.  1.
  1.  1.  1.  1.  1.  1.  1.  1.  1.  1.  1.  1.  1.  1.  1.  1.  1.  1.
  1.  1.  1.  1.  1.  1.  1.  1.  1.  1.  1.  1.  1.  1.  1.  1.  1.  1.
  1.  1.  1.  1.  1.  1.  1.  1.  1.  1.  0.  0.  0.  0.  0.  0.  0.  0.
  0.  0.  0.  0.  0.  0.  0.  0.  0.  0.  0.  0.  0.  0.  0.  0.  0.  0.
  0.  0.  0.  0.  0.  0.  0.  0.  0.  0.  0.  0.  0.  0.  0.  0.  0.  0.
  0.  0.  0.  0.  0.  0.  0.  0.  0.  0.  0.  0.  0.  0.  0.  0.  0.  0.
  0.  0.  0.  0.  0.  0.  0.  0.  0.  0.  0.  0.  0.  0.  0.  0.  0.  0.
  0.  0.  0.  0.  0.  0.  0.  0.  0.  0.  0.  0.  0.  0.  0.  0.  0.  0.
  0.  0.]
Score: 149.0, Sample_set: 200, Positivos: 74.0
Porcentaje acertadas: 74.5
Porcentaje de falsos negativos: 26.0 
Porcentaje de verdaderos negativos: 74.0
#####################################

Poligonal: 2 grados

Result:
 [ 0.  0.  0.  0.  0.  0.  0.  0.  0.  0.  0.  0.  0.  1.  0.  0.  0.  1.
  1.  0.  0.  0.  0.  1.  1.  1.  1.  0.  1.  1.  0.  0.  1.  0.  0.  1.
  1.  1.  1.  0.  1.  1.  1.  0.  0.  0.  1.  0.  0.  1.  0.  0.  1.  0.
  0.  1.  0.  1.  0.  0.  0.  0.  1.  0.  1.  0.  0.  0.  0.  1.  1.  0.
  0.  0.  1.  1.  0.  0.  1.  0.  0.  0.  0.  0.  0.  0.  0.  0.  1.  1.
  0.  0.  1.  0.  1.  0.  0.  0.  0.  0.  0.  0.  0.  1.  0.  0.  0.  0.
  0.  1.  0.  0.  0.  0.  0.  0.  0.  0.  0.  0.  0.  0.  0.  0.  0.  0.
  0.  0.  0.  0.  0.  0.  0.  0.  0.  0.  0.  0.  0.  0.  0.  0.  0.  0.
  0.  0.  0.  0.  0.  0.  0.  0.  0.  0.  0.  0.  0.  0.  0.  0.  0.  0.
  0.  0.  0.  0.  0.  0.  0.  0.  0.  0.  0.  0.  0.  0.  0.  0.  0.  0.
  0.  0.  0.  0.  0.  0.  0.  0.  0.  0.  0.  0.  0.  0.  0.  0.  0.  0.
  0.  0.]
Target:
 [ 1.  1.  1.  1.  1.  1.  1.  1.  1.  1.  1.  1.  1.  1.  1.  1.  1.  1.
  1.  1.  1.  1.  1.  1.  1.  1.  1.  1.  1.  1.  1.  1.  1.  1.  1.  1.
  1.  1.  1.  1.  1.  1.  1.  1.  1.  1.  1.  1.  1.  1.  1.  1.  1.  1.
  1.  1.  1.  1.  1.  1.  1.  1.  1.  1.  1.  1.  1.  1.  1.  1.  1.  1.
  1.  1.  1.  1.  1.  1.  1.  1.  1.  1.  1.  1.  1.  1.  1.  1.  1.  1.
  1.  1.  1.  1.  1.  1.  1.  1.  1.  1.  0.  0.  0.  0.  0.  0.  0.  0.
  0.  0.  0.  0.  0.  0.  0.  0.  0.  0.  0.  0.  0.  0.  0.  0.  0.  0.
  0.  0.  0.  0.  0.  0.  0.  0.  0.  0.  0.  0.  0.  0.  0.  0.  0.  0.
  0.  0.  0.  0.  0.  0.  0.  0.  0.  0.  0.  0.  0.  0.  0.  0.  0.  0.
  0.  0.  0.  0.  0.  0.  0.  0.  0.  0.  0.  0.  0.  0.  0.  0.  0.  0.
  0.  0.  0.  0.  0.  0.  0.  0.  0.  0.  0.  0.  0.  0.  0.  0.  0.  0.
  0.  0.]
Score: 131.0, Sample_set: 200, Positivos: 33.0
Porcentaje acertadas: 65.5
Porcentaje de falsos negativos: 67.0 
Porcentaje de verdaderos negativos: 33.0



